0.10248304380051934
0.008982764656028751
0.09329847526824514
0.025517929703662734
0.03896838910792397
0.10273392065252288
0.08539118768626501
0.0951572556593362
0.099921916074768
0.06717379109222847
0.10046350128655275
0.028653537708044623
0.042107030641743724
0.0382538856959221
0.061365472409146034
0.07130061972744198
0.08370930428520099
0.02276755645753233
0.0033952797567430673
0.07242041776438526
0.06037729093616681
0.10913013838770128
0.03957116422419282
0.09380873697204639
0.10888363182473203
0.06295620814955485
0.016830758067433553
0.08488218953912881
0.06696328841501813
0.08992769139735268
0.07078279108423631
0.04870099012755058
0.0406006410039395
0.06539917003941785
0.041676536102682744
0.08119010998690077
0.08322925761307623
0.05731232427927602
0.09466088822370033
0.1097860684618381
0.09674048926403635
0.09104257511988224
0.031722747621414776
0.08885841255023208
0.10145489609787693
0.04408569353387669
0.022251141815730745
0.044430412364516565
0.06527633273530002
0.1010701652227189
0.1082677913439425
0.09132151035035298
0.11105427566879605
0.07967120386458033
0.04986196266021513
0.04700420175664009
0.029210002991114436
0.06626887026560337
0.022539099959797575
0.10786096738455571
0.015023779872031393
0.04433286406878736
0.09237850977900454
0.019779422214915365
0.02844968730821541
0.06121508790190522
0.06144865194692789
0.0935892393842984
0.06514133972702159
0.046223667987168614
0.04194921170797947
0.03013098055783056
0.039110542179564146
0.0010206153565406452
0.04077041018744862
0.08181549094558595
0.06454592055574093
0.08456548070277256
0.1016577965730229
0.08461680413657248
0.038194086387631686
0.035851675310028974
0.07570874242080508
0.04767256537126375
0.04738544572954529
0.04452703026287436
0.019906421313003995
0.024832269852210393
0.03560840263929361
0.09073979041475157
0.0663033670849631
0.1075487034912609
0.02490029397624738
0.026555693340236674
0.09839527693484701
0.036837055734763154
0.047954123599929045
0.043174211009438704
0.04602078980466859
0.05246457477370531
0.028819564040014903
0.06211969262271387
0.04325843019245149
0.04596222518631369
0.044046742112513235
0.10629918483632564
0.0678349387937824
0.09607984536988179
0.07175450087280771
0.015712055479154538
0.03356953564704251
0.06213413659999346
0.09000660216572084
0.060702302764932034
0.09668568989520777
0.08439694322455206
0.001471094275202546
0.023085843325638046
0.1059442364851746
0.04971410888740786
0.010557968220246017
0.0643552254598224
0.08285776718323677
0.049580838436434245
0.0058204722174477344
0.09006721236975128
0.020470012865420766
0.057669740771040194
0.09600712486170361
0.0680189886177121
0.10403176255858906
0.023036750609564314
0.02582906772066958
0.02351212075188796
0.059850131742542174
0.056602860102153034
0.007843379907743048
0.002848585113458325
0.08844860211163186
0.01810186850112242
0.09663633558071529
0.03931612038852989
0.09760605298023192
0.012175313689859886
0.030626035914553804
0.10041009062079446
0.06416515322908524
0.05140624087168473
0.10282287263350115
0.027309415237919014
0.07491558839653002
0.09329551894113525
0.06035201746112227
0.04011688361183723
0.0012396743883199186
0.09144703823069178
0.10195935922482167
0.016743044530761832
0.025466315787462748
0.09922437523145577
0.012300778615181085
0.06677851570284817
0.017028035749881577
0.04408614007124181
0.01986502717472787
0.03522678598628951
0.013308497730366426
0.06038157601115116
0.07041007447992732
0.0582389696663229
0.10048610816493157
0.0354758464438024
0.054990751065797226
0.043002719926290414
0.0346504973258222
0.08690313859334194
0.03773732867429891
0.002516537981476145
0.0030146532571019044
0.00752149195179604
0.06212895764398338
0.03877075943493118
0.009467616230236854
0.02897359418474738
0.03640687159568885
0.10402749121835464
0.05660694776955222
0.08614212047323558
0.06247037835375673
0.09088640333628502
0.015369484397847428
0.06454504990592337
0.1093807266169759
0.015366012336581511
0.061338959886357916
0.04805017864782051
0.037895000949110615
0.10641831581860632
0.03981723719613335
0.03279622684038291
0.09297459068601333
0.07874119911390948
0.10558600803679905
0.004369099775343856
0.043244455718699094
0.08588524333706707
0.0925940375730059
0.03241250193914853
0.03915338225197421
0.0713323764377677
0.08368706404968708
0.08942306339606715
0.026625868554900282
0.07707630751882553
0.10698189251983896
0.05427970629905545
0.07992607481520275
0.044280804369038765
0.027745220171445983
0.03217664879795876
0.10611907091696768
0.045789126915862094
0.10492034247634072
0.09708390004969542
0.10875420049353401
0.02373700970495577
0.08103848257550035
0.006520960945443188
0.016907003793325645
0.019889603685275235
0.009128621077479753
0.09761024144934173
0.08726805913849832
0.01277131774852363
0.0744591001194201
0.09025435303936184
0.05184261359066745
0.0820298717530642
0.07067808072035188
0.07520762468445902
0.031724060411687106
0.099680953013692
0.03548373744367701
0.04124637572137575
0.021153092995132225
0.0010678764782686824
0.04441036327525212
0.049326994231017614
0.025789769956815537
0.03147054402321982
0.05007983348807288
0.11020025792140416
0.11089867666744714
0.046264115286747676
0.04563829306880509
0.10155673128260634
0.030095344167005295
0.007420008984336479
0.04477517827272507
0.04874499274796886
0.10979061269008794
0.07464490117391072
0.03419822560338464
0.07510743695682928
0.1078693494543955
0.0971662664806676
0.09559693674283
0.09860268359235058
0.05361332352841336
0.0691882435174895
0.04980415727007631
0.10622908259337589
0.015513385238882743
0.06990449407444062
0.08992767835449392
0.032114018344643225
0.07366913785875885
0.014957473750488615
0.011727113765734282
0.009133623547701999
0.017636118071916486
0.012489935617230132
0.0069401948197582095
0.01583601723302413
0.10621007894584393
0.0525336839461407
0.05398354161126914
0.09012584120359568
0.07228015511566377
9.831323795851511E-4
0.05916737330782547
0.08276231881625351
0.007857228859354927
0.014181890946031936
0.10657539443709445
0.04275174991428104
0.10928978343636153
0.018310060418404217
0.014020231208685834
0.0823253815406863
0.02155518096252177
0.087211519076564
0.0693017319514369
0.05367704541654568
0.04088577300408259
0.0018121575625861621
0.10265069982965706
0.08287592749427382
0.07543352503853779
0.09090479690949294
0.04379270146576556
0.0641469294860174
0.02889379712710766
0.06380323515958988
0.09013171574324713
0.06497038445043715
0.047342357200509166
0.06619967157090295
0.10958745422906131
0.07406301923341337
0.030784004677875676
0.02982576116833155
0.03140002733543471
0.09786397906039322
0.043944304220141034
0.06744648959035214
0.10406797865541614
0.06236524563511525
0.06532595964211457
0.06776358011828405
0.07144311296684701
0.06779488257372975
0.1097022568037358
0.03339511958193707
0.023521503108543455
0.06062332891696806
0.026332305436003706
0.0746015838641912
0.08549249932925897
0.09250574896974292
0.025138409646994677
0.0660316599287809
0.0438902977074653
0.10102545570729056
0.050818794430012346
0.04196204109114161
0.09421647158321779
0.08250836809473533
0.06818837699604212
0.08479914623759958
0.044209061260556126
0.03521951640260787
0.10192523539304686
0.09826851805474442
0.04222210122385165
0.05209676647341921
0.019694300958692696
0.08690921546318002
0.0534412972172615
0.031158328592429174
0.11014263376366946
0.04578833835757454
0.0698550408113698
0.028572218345283007
0.018405565947173116
0.08730663380975633
0.10306922068990544
0.04338586338203471
0.09679817013125992
0.09043667529881189
0.09325145425041649
0.04690310720672482
0.07138766450541571
0.08169266291562806
0.10019562002904006
0.012782213201894889
0.059639958151255085
0.018131264525753445
0.03838112660827759
0.05645203257975884
0.04879777850229022
0.10716298921232315
0.01228892904419359
0.006492012732523792
0.01875918666334581
0.0789369614448648
0.029943605867776963
0.0629588312916742
0.04039596689556413
0.06976205737691031
0.012369191129067536
0.046501840820812164
0.023890869286317746
0.01530214975053142
0.03037677059838596
0.054342542362860125
0.08256047722575834
0.07149646710533412
0.0973716037363531
0.08991242405044023
0.28128867063868895
0.3305813914569927
0.30145548788243987
0.24223963513182897
0.29956012355401856
0.28450071164674584
0.22475179573505055
0.2942863915430639
0.3271030918268867
0.26828268002242556
0.2368889952626263
0.32067425818480016
0.2802739358410863
0.27983457253409066
0.23339094085274703
0.24672089942685305
0.29631679079662987
0.32428739006875956
0.2802094461487363
0.28527256768364784
0.32184369290944775
0.25726994851155066
0.2927655951509225
0.3230340338442797
0.3271602773853612
0.2934043809689965
0.23229996356807459
0.32090809920107644
0.28161955142311973
0.2851929932404188
0.3104003551890848
0.27779747938644295
0.3153577105876102
0.23934180294854496
0.32587716168355374
0.32033396809258763
0.28722252472995685
0.32007260524937475
0.23195385936086466
0.2689915546427731
0.2553374660078064
0.22415560704735718
0.2996979636052093
0.3260501498652245
0.329740338164315
0.2968568260712734
0.29302680912558243
0.29438782443260136
0.22686831653566628
0.31502248225344986
0.3206982122482929
0.24847863011407179
0.3090436896780233
0.25898477680029836
0.23437608851761974
0.31196466162076847
0.3090650458217029
0.2593379143401978
0.27621048739957904
0.31224264246996825
0.22270495869082146
0.3005743327471858
0.2845551602026522
0.2502277593872547
0.26918618727817323
0.2509964146394455
0.3067530154796512
0.2312240425707471
0.30655949990323383
0.22611047738880316
0.31041850430173934
0.2890589260275783
0.30995910671803195
0.2565384478294511
0.24618089745759691
0.29961532234703514
0.29384658213968584
0.24272085093259627
0.2882800204919524
0.23116026517848662
0.31163701672842326
0.32329322161411955
0.22372848912726873
0.30121057176759947
0.30163642609268076
0.32906019556456884
0.29274168536639306
0.29168505886499774
0.2779143864617884
0.3232444159590342
0.2852919842941184
0.26799806736610726
0.2461463028378961
0.32183952648846503
0.24333269642690256
0.26895595574674636
0.2598666089252142
0.32368717954262793
0.2603941282960207
0.3052731657378037
0.13021213096732265
0.20793169929341504
0.16750575916973473
0.16583847878938435
0.17446444898797003
0.19757210674915981
0.15238421342683228
0.18963660116582026
0.19724850419500495
0.19450560651872917
0.21765005865161222
0.13503084525043657
0.12941016228244492
0.183772621752236
0.18124280058098075
0.12805478057202446
0.15940255628614375
0.15369634831060763
0.17293366706604577
0.1262850221145696
0.1231146476687674
0.12032675843219173
0.17544380958878786
0.20308006632518227
0.2125312949749406
0.14243240312434946
0.13771343437450656
0.11873719088788583
0.1721970190550667
0.1935748716130013
0.11715262873972677
0.1658949143071468
0.18352436991021975
0.18776469619926048
0.1624398777601163
0.13058688100718635
0.16167793248509454
0.11910203045278335
0.11328086219608764
0.16465681549153052
0.21542130285383493
0.1521308807783165
0.1917809589610726
0.12467733313681822
0.16637439680285654
0.11225187746020064
0.12648431671570887
0.18548624913602335
0.19372891635748185
0.14396030546041685
0.1584496790799725
0.14574736059159377
0.2116378385280912
0.11875723414310413
0.16669234741016847
0.17314222128805506
0.21087349898099877
0.1517478483453338
0.1799023536798818
0.17714475966634777
0.17307365049258414
0.18480069116464065
0.14591490864648526
0.15458736784996285
0.13958876331079656
0.17285627798896436
0.1703392595506406
0.11350731000651965
0.18376535777336178
0.20939627046610623
0.2145091284781248
0.11476477436037448
0.11274097010149196
0.17403999751923233
0.1673074689365908
0.1292838322326525
0.17750223146482763
0.12690921811157213
0.2043238866202846
0.21292249081962134
0.17870996703660927
0.19716813796377258
0.1901619563948566
0.11500510105622437
0.12365525693023109
0.177760385211873
0.14869049039933946
0.128610897965973
0.21640535216084078
0.208817103017239
0.11839725345981202
0.1722856646174899
0.1598108652759852
0.19057048274130134
0.1625631177390981
0.16274047221678734
0.18342467412775781
0.16691550039056643
0.15383997236997576
0.21715975142095134
0.20414395408023794
0.17889234869900505
0.22011521887990537
0.17500591562113818
0.1702967911439039
0.1681385763849462
0.20400853651826628
0.21192309285173422
0.1571809770044343
0.18867055252234202
0.19629123162314177
0.17017078546135056
0.2088400088923526
0.15817832394520853
0.13035971263486218
0.16294592531784566
0.13977498129471835
0.13407222797790994
0.17016768504754543
0.11858212294374741
0.18672896539361789
0.17046258899727496
0.1659661872823082
0.18028117124495738
0.1989378176972038
0.18647597203280802
0.137264553560322
0.1614509497303453
0.2020138143104802
0.16830894486507414
0.15719747410882193
0.2063054772985018
0.1704271824963602
0.12009449769972336
0.13120962021925509
0.1240731601799291
0.16650408116271725
0.22000904417654718
0.20430400199017268
0.12312027257865575
0.15802827609505335
0.15146824971392148
0.17511813778739288
0.1261614778983661
0.12052583043669195
0.1898861209530527
0.1731880207417079
0.20198503180539382
0.18236351030459133
0.206111774001291
0.14738922360548362
0.18521269234996646
0.11757635397800985
0.1344321186188959
0.1942903471879271
0.22007778894794766
0.13184241176441047
0.2176571247080804
0.13671030778303828
0.17226002467859297
0.12534568424059417
0.19805511803991208
0.11637938642903699
0.21593826133082766
0.17902792115778052
0.19610141483512836
0.17551168635857722
0.2059856057933765
0.1600287942536378
0.1382963086700468
0.12985608655376144
0.19954630230784348
0.18642220120731126
0.13022562459811177
0.21374765764467019
0.1636367213472668
0.20206356495755368
0.19551524661872116
0.12168954638638252
0.159431397912969
0.13838857751416597
0.14805249960311134
0.11639523095437514
0.2019589777347331
0.2116140986041476
0.1129049635619539
0.21903938490309424
0.14829980310131402
0.21743914733230693
0.21491545478216745
0.18192523320219828
0.17170423284853148
0.12248118866397316
0.20704307812692757
0.1670232375621937
0.13414418282466456
0.2160386694998279
0.1734800956930535
0.13572175464573094
0.11310673329831275
0.18169423956660496
0.17125793164634753
0.16324412354778756
0.1298586267766829
0.22157188695434565
0.1564699687827632
0.12270881603314475
0.11499012976408411
0.1636949321157646
0.17838523343528095
0.17333553864871049
0.18820007489187074
0.1673731000749497
0.20783877688805788
0.12179282243229295
0.14654970825863772
0.16902244959980794
0.12559414365032395
0.18630683178348473
0.16854701626809424
0.15436614318886394
0.21935425257889177
0.14097994339014286
0.16761566218127422
0.11960630831993607
0.14535067004512436
0.13267785191989057
0.11975195117000029
0.175842353900632
0.11315522510764513
0.19295480139812138
0.17151870702234862
0.15859034948981227
0.1371635565329495
0.16494117242904643
0.1552593698353038
0.15349053798694873
0.1216912094820208
0.11557320134692116
0.1461968955190489
0.17984825796796133
0.19509069384845534
0.14288904295672666
0.19606173915158223
0.15228841338672083
0.19343158544044423
0.1575352751926265
0.11720381652592102
0.21227224848542386
0.19641277077235714
0.21130260376535337
0.14923421623848782
0.1661053172940012
0.21753197335037128
0.11409155735958415
0.16380200577841814
0.2192489238577321
0.19586984472237326
0.11850872566006745
0.11777136586552467
0.12942451198311528
0.18885328437278193
0.12635830697580877
0.17154917028455163
0.133210836809259
0.19757268932360952
0.14373169272160338
0.11668509114662728
0.1400693643781122
0.13932739622199344
0.17088946239257846
0.1478132735599238
0.20383142161146045
0.20858852719415305
0.11526457023808108
0.17340108100132717
0.12439164688879739
0.20755522111993754
0.19070164858425223
0.128356298571841
0.11551091730768252
0.12918946642560708
0.18940937492811777
0.15613894885573662
0.14430000946946958
0.13393459568599497
0.21523795235860899
0.18062565450776147
0.1546511821432431
0.15678165828248564
0.2189364425892371
0.17211967871813416
0.12296509534695334
0.17317901736421473
0.12937860850739105
0.2136354591728989
0.16149166392852451
0.17557430673998048
0.1548599669533056
0.18937792319931934
0.12874141072740639
0.21712076704592742
0.20839805360746802
0.21016374844833427
0.17778361503162604
0.13041853373075746
0.1365204613537258
0.15585994341402182
0.12415559624041597
0.20105663018554704
0.20873683592807746
0.2018747723490576
0.18151201018969432
0.13615577433682607
0.16815405203394762
0.1771100329439295
0.16218123326922423
0.17839004030600164
0.1876717640964164
0.11737138460409635
0.18811798832665833
0.16529743722537069
0.1502339442949789
0.18419934209505623
0.21820652658129097
0.2138086585585213
0.16112819654520727
0.13339659908456025
0.14737367652870081
0.1574615661197436
0.15559237186629948
0.17747192174261342
0.21546280665737627
0.20291037329837092
0.20520959035825126
0.15074955224751624
0.18759583333406815
0.11902520718163526
0.17439990993107518
0.1635959340865556
0.1471458401355641
0.16357650501825893
0.13468021849613493
0.13176704710711312
0.21534963498934148
0.13470924496080297
0.14608274942046037
0.13901500257864957
0.21194295214598902
0.1466669490259156
0.13734167243861195
0.19522350529804675
0.12959206685956548
0.14426737055081437
0.21002415244827136
0.1263659673001875
0.16834357929840946
0.21846047564884127
0.15575347919709143
0.19182766346049204
0.16451053730977536
0.2176419869806808
0.1735225183889426
0.12664175961065818
0.19444312671937172
0.15047570148488243
0.1743215316035397
0.1636891276510739
0.2012437170915709
0.1390075170467514
0.13282319903209203
0.2166832674862095
0.14777368139003016
0.1985497675820893
0.21148371560760526
0.15374587557477265
0.19882598184258218
0.14396039812413614
0.1476805048214563
0.1696809917225691
0.2117039264828811
0.20854919378356712
0.1681447692779779
0.12103826362378467
0.11856868682356886
0.12948482291746155
0.19944235601968846
0.20993261458867296
0.13900294283951875
0.15416578418345647
0.12053556728529166
0.11860347544136703
0.11317631667750017
0.1311826230894187
0.11220649372283499
0.20291419893533247
0.21463599188582816
0.19070984553124537
0.20096292222178863
0.13026051053899182
0.19948079782821543
0.20840509887609618
0.11937349648489566
0.21382303120569002
0.16602287922237075
0.2102061844476802
0.19505503852835437
0.21423366895648174
0.12529096231333736
0.16007153606339397
0.14425555314714267
0.1887184261873397
0.1818244860015425
0.2068530790086918
0.14225023923636695
0.16158033488484647
0.17557107013475856
0.20853938834514507
0.13660108292600043
0.13713688403163787
0.19929015760901553
0.1910313199849542
0.16917461404557899
0.13090601633570173
0.16560149955469056
0.13944927150143632
0.20847641950902096
0.12900523421026258
0.14759779053878674
0.19761613550733054
0.18533473449441917
0.20083759175856258
0.15884403433220917
0.12934890745280392
0.16100890138446639
0.14081465394266082
0.20386875932698129
0.12879876873970278
0.18275272387916014
0.1365553439122717
0.16729565555363332
0.2136485700551703
0.19344748851397214
0.1362978823742735
0.15559775660226843
0.13300638803096962
0.21687223315047263
0.20768366594661947
0.13012277724068974
0.14710285917719088
0.20877319740008587
0.12380385287671535
0.12418349797261052
0.21739596680532913
0.1834096206760305
0.1747438730463846
0.12022461269048257
0.16282086942790674
0.1537903360004322
0.18746199854359274
0.1593264524936162
0.1597959908038147
0.15082049494159117
0.20713783080030432
0.1606489746114162
0.15823732016699624
0.11744929470424403
0.14846190502212198
0.16130209181718344
0.14514354096440096
0.16584965328302897
0.21690263906495671
0.13779862025757747
0.16578756474597184
0.20827996463143578
0.15564018000008834
0.18861903751910453
0.14992243040108644
0.12373275725709289
0.1163495164101468
0.1204150154080838
0.20598219224217346
0.20391559045389507
0.21971488696581495
0.16930716760366882
0.17184205414361664
0.1839857388046356
0.1847373329137162
0.18182241444535863
0.12935610486925175
0.1187749105890117
0.16943802343448452
0.16167711471104745
0.11464163933786896
0.2061280341849696
0.19332755694733844
0.14726599033894458
0.21684182113868414
0.19935043950548859
0.20888753644580882
