0.08101254884406271
0.009994285122599773
0.018057988693062854
0.08007417516658757
0.04355550028284252
0.0878535996510576
0.04916315433221335
0.003833741153740343
0.089361786945784
0.05759170767327285
0.043758952607916464
0.03121420790123107
0.0765071616545819
0.018952085267772638
0.10486591006825743
0.10971761049885273
0.039863722742017646
0.05277657634220816
0.019622181317417085
0.0501370300266474
0.03676093152306248
0.10250354613548662
0.03328153287181369
0.05697291616811194
0.10031277272013528
0.03288177618135526
0.022256613596478667
0.042876674593414696
0.10833256168537916
0.07560354945918085
0.05866092758323172
0.02717616559848959
0.07569028699074677
0.091190861040725
0.03742203014261481
0.08047958239632906
0.021103596424875224
0.08027529273433225
0.1103201620719843
0.007074837531714352
0.2889825183414818
0.2638468304341848
0.3180220258245765
0.3098909507568138
0.30643376273151324
0.22279746571379966
0.3206788451480688
0.3033165232577381
0.32193705344624135
0.22753877402587488
0.2007897986238113
0.11759111563084451
0.17302014192862392
0.14331748778435907
0.18742465446286893
0.19064320312392424
0.17398424755434588
0.18680509411124127
0.22107967291666725
0.17293458314991728
0.15233051001597597
0.12134554906622702
0.19019611240006756
0.1288485719139722
0.18662991420510527
0.13848425975203185
0.1590375008404604
0.15594593126120426
0.17850415673673492
0.17759138646077816
0.17863631907627184
0.16157890278080167
0.17500743517661183
0.19732706269697628
0.19413684098202433
0.18651404636754548
0.2067506867894034
0.12271432526029616
0.14825635683774135
0.15142403345933486
0.13662978737356954
0.20789326114485582
0.15664158384297922
0.18701393412230513
0.19899244054730664
0.18348950785228269
0.18841932223130003
0.11302669761570927
0.2059214578366545
0.1354603704338116
0.17618635092777124
0.21889762850650207
0.1716813978610079
0.16755275651674068
0.1610015629435158
0.16251992751879557
0.1887895612958626
0.15249766159726647
0.11387310056474842
0.12092663783259586
